129 22 14 50
107 19 14 50
107 19 14 50
108 19 14 50
108 19 14 50
108 18 14 50
108 17 14 50
108 16 14 50
108 16 14 50
109 17 14 50
109 18 14 50
109 18 14 50
109 19 14 50
109 19 14 50
109 20 14 50
109 20 14 50
109 20 14 50
109 21 14 50
109 21 14 50
109 21 14 50
109 21 14 50
109 22 14 50
109 21 14 50
88 20 14 50
88 21 14 50
88 20 14 50
88 19 14 50
88 19 14 50
88 19 14 50
88 19 14 50
88 19 14 50
88 19 14 50
88 19 14 50
88 19 14 50
88 20 14 50
89 21 14 50
89 22 14 50
89 22 14 50
89 22 14 50
89 22 14 50
89 22 14 50
89 22 14 50
87 20 14 50
87 20 14 50
87 20 14 50
87 20 14 50
87 20 14 50
87 20 14 50
87 20 14 50
87 20 14 50
87 21 14 50
87 21 14 50
87 21 14 50
87 21 14 50
88 22 14 50
88 22 14 50
88 21 14 50
88 20 14 50
88 21 14 50
88 21 14 50
88 21 14 50
88 22 14 50
88 22 14 50
87 22 14 50
87 22 14 50
87 22 14 50
87 22 14 50
88 21 14 50
86 21 14 50
86 21 14 50
86 20 14 50
86 20 14 50
86 19 14 50
87 20 14 50
87 20 14 50
87 20 14 50
87 21 14 50
87 22 14 50
87 22 14 50
87 22 14 50
89 22 14 50
89 22 14 50
89 22 14 50
89 22 14 50
89 22 14 50
89 22 14 50
90 22 14 50
90 22 14 50
91 22 14 50
91 23 14 50
89 22 14 50
89 22 14 50
90 23 14 50
89 23 14 50
89 22 14 50
90 22 14 50
88 21 14 50
88 21 14 50
88 21 14 50
88 20 14 50
88 20 14 50
88 20 14 50
88 20 14 50
88 21 14 50
88 21 14 50
89 23 14 50
89 24 14 50
89 24 14 50
91 23 14 50
91 23 14 50
91 23 14 50
92 23 14 50
92 23 14 50
91 22 14 50
92 23 14 50
92 23 14 50
91 23 14 50
92 24 14 50
91 24 14 50
91 24 14 50
91 24 14 50
91 24 14 50
92 24 14 50
91 24 14 50
91 24 14 50
91 23 14 50
91 23 14 50
91 23 14 50
92 23 14 50
92 23 14 50
92 24 14 50
93 24 14 50
93 24 14 50
93 25 14 50
92 25 14 50
92 24 14 50
92 24 14 50
92 24 14 50
94 24 14 50
94 24 14 50
94 24 14 50
94 25 14 50
94 25 14 50
94 26 14 50
94 26 14 50
94 27 14 50
94 27 14 50
94 27 14 50
93 27 14 50
93 27 14 50
95 27 14 50
93 26 14 50
95 26 14 50
95 25 14 50
95 25 14 50
93 26 14 50
93 26 14 50
94 27 14 50
95 26 14 50
95 27 14 50
95 27 14 50
95 27 14 50
95 27 14 50
95 28 14 50
95 27 14 50
95 27 14 50
95 27 14 50
95 27 14 50
95 27 14 50
95 27 14 50
95 28 14 50
95 28 14 50
95 29 14 50
95 29 14 50
95 29 14 50
94 29 14 50
94 29 14 50
94 29 14 50
94 29 14 50
94 28 14 50
91 28 14 50
91 28 14 50
93 28 14 50
92 29 14 50
92 29 14 50
92 30 14 50
92 30 14 50
92 31 14 50
93 30 14 50
93 30 14 50
93 30 14 50
93 30 14 50
93 30 14 50
93 30 14 50
93 30 14 50
93 30 14 50
93 31 14 50
93 31 14 50
93 32 14 50
93 33 14 50
92 34 14 50
92 34 14 50
92 35 14 50
92 34 14 50
92 34 14 50
92 34 14 50
92 34 14 50
92 33 14 50
91 32 14 50
91 33 14 50
91 33 14 50
90 34 14 50
90 34 14 50
91 34 14 50
90 35 14 50
91 35 14 50
91 35 14 50
91 34 14 50
92 34 14 50
93 34 14 50
92 34 14 50
93 33 14 50
93 33 14 50
93 33 14 50
93 33 14 50
93 34 14 50
92 35 14 50
92 36 14 50
92 36 14 50
92 37 14 50
92 37 14 50
92 37 14 50
92 37 14 50
92 37 14 50
92 36 14 50
92 36 14 50
92 35 14 50
92 35 14 50
92 35 14 50
92 35 14 50
92 36 14 50
92 37 14 50
92 37 14 50
92 37 14 50
93 37 14 50
93 36 14 50
94 37 14 50
94 37 14 50
95 37 14 50
95 37 14 50
94 37 14 50
94 37 14 50
94 37 14 50
94 38 14 50
94 39 14 50
94 39 14 50
93 40 14 50
93 40 14 50
93 40 14 50
93 40 14 50
94 40 14 50
94 40 14 50
94 39 14 50
94 39 14 50
94 38 14 50
94 39 14 50
94 39 14 50
94 39 14 50
94 40 14 50
94 40 14 50
94 40 14 50
95 40 14 50
95 40 14 50
96 40 14 50
96 40 14 50
96 39 14 50
96 39 14 50
96 39 14 50
96 39 14 50
95 40 14 50
95 41 14 50
95 41 14 50
95 41 14 50
95 42 14 50
95 42 14 50
95 43 14 50
95 43 14 50
95 43 14 50
95 43 14 50
95 42 14 50
95 42 14 50
95 41 14 50
95 41 14 50
95 41 14 50
95 41 14 50
95 42 14 50
95 43 14 50
95 43 14 50
96 43 14 50
97 42 14 50
97 42 14 50
97 42 14 50
97 42 14 50
97 42 14 50
97 43 14 50
97 43 14 50
97 44 14 50
97 44 14 50
97 46 14 50
97 47 14 50
97 48 14 50
97 48 14 50
97 48 14 50
97 47 14 50
97 47 14 50
97 47 14 50
97 47 14 50
97 47 14 50
95 45 14 50
94 46 14 50
94 46 14 50
94 47 14 50
94 47 14 50
94 48 14 50
94 49 14 50
95 49 14 50
95 49 14 50
95 49 14 50
94 48 14 50
96 49 14 50
96 49 14 50
96 49 14 50
96 50 14 50
96 49 14 50
96 50 14 50
96 50 14 50
96 51 14 50
96 52 14 50
96 52 14 50
96 53 14 50
95 52 14 50
95 52 14 50
95 52 14 50
95 51 14 50
95 51 14 50
95 50 14 50
95 50 14 50
95 51 14 50
95 51 14 50
95 51 14 50
96 52 14 50
96 53 14 50
96 53 14 50
96 53 14 50
97 52 14 50
97 52 14 50
94 53 14 50
94 53 14 50
94 53 14 50
97 53 14 50
97 54 14 50
97 54 14 50
97 54 14 50
97 56 14 50
97 56 14 50
97 57 14 50
97 57 14 50
97 57 14 50
97 56 14 50
97 55 14 50
97 55 14 50
97 55 14 50
97 55 14 50
97 54 14 50
97 54 14 50
94 55 14 50
94 55 14 50
94 55 14 50
94 57 14 50
95 57 14 50
95 57 14 50
97 55 14 50
96 56 14 50
97 56 14 50
97 55 14 50
99 56 14 50
100 56 14 50
100 56 14 50
100 57 14 50
100 57 14 50
100 58 14 50
100 59 14 50
100 59 14 50
101 61 14 50
101 61 14 50
101 60 14 50
101 59 14 50
101 59 14 50
101 58 14 50
98 57 14 50
98 57 14 50
98 57 14 50
98 57 14 50
98 58 14 50
98 58 14 50
97 58 14 50
97 58 14 50
97 58 14 50
97 59 14 50
97 58 14 50
97 58 14 50
96 58 14 50
96 58 14 50
99 60 14 50
99 61 14 50
99 61 14 50
99 62 14 50
99 63 14 50
98 64 14 50
99 64 14 50
95 64 14 50
96 64 14 50
96 64 14 50
95 64 14 50
92 63 14 50
91 63 14 50
92 62 14 50
92 62 14 50
91 62 14 50
91 63 14 50
96 63 14 50
96 64 14 50
96 64 14 50
96 66 14 50
96 66 14 50
97 66 14 50
97 66 14 50
97 66 14 50
98 66 14 50
98 66 14 50
98 66 14 50
98 66 14 50
98 66 14 50
98 66 14 50
98 67 14 50
98 68 14 50
97 69 14 50
97 69 14 50
97 69 14 50
97 68 14 50
97 68 14 50
97 67 14 50
97 67 14 50
97 66 14 50
91 67 14 50
91 67 14 50
91 68 14 50
91 68 14 50
93 69 14 50
93 70 14 50
92 70 14 50
92 70 14 50
95 70 14 50
96 70 14 50
97 71 14 50
99 70 14 50
99 70 14 50
99 70 14 50
99 71 14 50
99 72 14 50
99 73 14 50
100 72 14 50
100 72 14 50
99 74 14 50
100 73 14 50
100 73 14 50
101 73 14 50
101 72 14 50
101 71 14 50
101 71 14 50
101 70 14 50
101 70 14 50
101 70 14 50
101 71 14 50
102 72 14 50
103 73 14 50
102 74 14 50
103 74 14 50
104 74 14 50
105 73 14 50
105 73 14 50
105 73 14 50
105 73 14 50
106 73 14 50
106 73 14 50
107 73 14 50
106 74 14 50
106 75 14 50
105 75 14 50
105 76 14 50
105 76 14 50
105 77 14 50
105 78 14 50
105 78 14 50
105 77 14 50
105 77 14 50
105 76 14 50
105 76 14 50
105 76 14 50
105 76 14 50
105 76 14 50
105 76 14 50
105 76 14 50
106 78 14 50
106 78 14 50
106 79 14 50
107 79 14 50
107 79 14 50
107 79 14 50
107 79 14 50
107 78 14 50
107 78 14 50
107 79 14 50
107 80 14 50
107 81 14 50
107 82 14 50
106 83 14 50
106 83 14 50
105 84 14 50
104 84 14 50
105 84 14 50
105 83 14 50
105 82 14 50
106 82 14 50
106 81 14 50
105 81 14 50
106 82 14 50
106 82 14 50
106 83 14 50
107 84 14 50
107 85 14 50
108 86 14 50
108 86 14 50
109 86 14 50
109 85 14 50
110 85 14 50
110 85 14 50
110 85 14 50
111 85 14 50
111 86 14 50
111 87 14 50
111 88 14 50
111 89 14 50
111 90 14 50
111 91 14 50
111 91 14 50
111 91 14 50
111 91 14 50
111 90 14 50
111 89 14 50
111 89 14 50
111 88 14 50
112 89 14 50
112 89 14 50
112 90 14 50
112 91 14 50
113 92 14 50
113 92 14 50
113 92 14 50
114 92 14 50
115 92 14 50
116 93 14 50
116 93 14 50
116 93 14 50
117 93 14 50
117 94 14 50
117 95 14 50
118 96 14 50
118 97 14 50
118 98 14 50
118 99 14 50
117 100 14 50
117 100 14 50
117 100 14 50
117 100 14 50
117 100 14 50
117 99 14 50
117 99 14 50
117 99 14 50
117 99 14 50
117 100 14 50
117 101 14 50
117 103 14 50
117 105 14 50
118 105 14 50
119 104 14 50
119 105 14 50
119 105 14 50
120 105 14 50
121 104 14 50
121 104 14 50
121 104 14 50
122 105 14 50
122 106 14 50
122 106 14 50
122 109 14 50
122 110 14 50
122 110 14 50
121 112 14 50
121 113 14 50
121 115 14 50
120 114 14 50
121 114 14 50
120 112 14 50
120 112 14 50
121 111 14 50
121 111 14 50
121 112 14 50
122 113 14 50
122 116 14 50
123 118 14 50
124 118 14 50
124 119 14 50
125 119 14 50
125 119 14 50
126 120 14 50
121 144 14 50
120 152 14 50
120 151 14 50
120 151 14 50
119 153 14 50
119 154 14 50
119 154 14 50
119 155 14 50
119 155 14 50
119 156 14 50
119 157 14 50
119 157 14 50
120 156 14 50
120 156 14 50
120 156 14 50
120 155 14 50
120 153 14 50
120 153 14 50
120 154 14 50
120 155 14 50
120 156 14 50
120 156 14 50
120 159 14 50
121 159 14 50
122 159 14 50
123 159 14 50
124 158 14 50
124 158 14 50
124 157 14 50
123 158 14 50
123 158 14 50
123 158 14 50
123 159 14 50
123 160 14 50
123 161 14 50
123 162 14 50
123 162 14 50
123 162 14 50
124 160 14 50
123 162 14 50
123 161 14 50
123 161 14 50
122 162 14 50
122 161 14 50
121 163 14 50
121 163 14 50
121 163 14 50
121 165 14 50
121 167 14 50
122 168 14 50
122 169 14 50
122 169 14 50
124 169 14 50
125 168 14 50
125 168 14 50
125 168 14 50
125 168 14 50
125 168 14 50
125 169 14 50
125 170 14 50
125 171 14 50
125 171 14 50
125 173 14 50
125 174 14 50
126 174 14 50
126 174 14 50
126 174 14 50
126 176 14 50
126 175 14 50
126 175 14 50
126 176 14 50
126 176 14 50
126 177 14 50
126 178 14 50
127 179 14 50
128 181 14 50
